times,40
0,47,47,19,13,30,57,37,17,28,31,45,59,46,22,18,40,42,5,36,47,27,5,27,20,51,53,5,16,51,32,13,50,53,35,46,55,6,43,30, 
47,0,53,35,15,59,29,56,7,37,27,28,31,57,7,39,59,31,59,35,56,27,58,45,35,48,35,10,52,31,52,50,58,58,41,7,56,26,37,12, 
47,53,0,18,6,23,49,49,39,19,44,55,15,30,51,43,59,40,24,25,27,21,15,12,58,23,20,57,42,12,32,33,8,40,32,14,15,23,55,43, 
19,35,18,0,50,39,19,42,43,21,45,49,49,7,51,42,9,23,44,15,39,50,10,14,6,53,18,47,44,13,50,43,48,23,31,35,10,31,52,18, 
13,15,6,50,0,52,26,58,50,8,28,15,52,13,42,31,40,10,49,11,43,35,18,43,22,19,49,46,43,48,31,50,45,13,13,21,9,30,43,51, 
30,59,23,39,52,0,39,53,11,25,56,26,46,43,16,15,27,9,30,37,33,44,54,39,7,46,50,18,43,37,27,58,14,48,22,54,10,36,16,22, 
57,29,49,19,26,39,0,30,30,9,16,18,11,54,42,44,24,27,45,37,58,21,8,10,52,38,14,34,8,9,9,57,29,12,28,6,27,48,30,51, 
37,56,49,42,58,53,30,0,31,46,54,46,38,11,32,56,33,42,15,31,52,47,40,59,19,36,21,51,26,11,44,56,33,7,21,27,41,27,31,48, 
17,7,39,43,50,11,30,31,0,47,59,52,6,14,52,25,50,58,7,46,38,32,48,25,57,57,5,58,25,51,15,55,37,28,8,18,46,28,41,59, 
28,37,19,21,8,25,9,46,47,0,18,8,53,55,9,44,24,39,11,36,56,42,29,33,26,33,39,56,6,56,25,41,33,38,45,15,19,15,35,19, 
31,27,44,45,28,56,16,54,59,18,0,27,56,30,43,29,27,34,33,28,46,8,49,54,21,38,9,7,47,45,30,31,16,42,34,27,30,49,51,56, 
45,28,55,49,15,26,18,46,52,8,27,0,52,16,51,14,5,43,43,18,10,41,31,28,45,55,53,29,7,47,48,22,54,27,8,40,42,45,12,25, 
59,31,15,49,52,46,11,38,6,53,56,52,0,30,10,29,44,23,20,28,52,30,6,12,44,41,42,9,20,40,52,48,52,59,26,30,36,22,13,6, 
46,57,30,7,13,43,54,11,14,55,30,16,30,0,39,19,14,5,13,40,27,21,22,33,14,20,27,15,11,41,56,26,57,16,40,45,28,20,23,56, 
22,7,51,51,42,16,42,32,52,9,43,51,10,39,0,19,46,42,58,20,24,38,30,56,40,13,44,24,55,5,6,34,31,50,54,51,45,51,9,16, 
18,39,43,42,31,15,44,56,25,44,29,14,29,19,19,0,7,25,24,43,48,19,12,6,27,41,35,43,37,10,15,28,45,12,23,18,34,13,57,13, 
40,59,59,9,40,27,24,33,50,24,27,5,44,14,46,7,0,20,20,58,11,32,51,28,25,45,47,15,37,47,56,20,15,26,35,57,6,54,37,21, 
42,31,40,23,10,9,27,42,58,39,34,43,23,5,42,25,20,0,16,9,51,37,52,5,50,56,17,42,39,22,56,53,18,46,50,36,13,26,14,54, 
5,59,24,44,49,30,45,15,7,11,33,43,20,13,58,24,20,16,0,13,36,55,44,11,22,45,10,22,9,12,36,43,39,48,23,24,7,34,51,35, 
36,35,25,15,11,37,37,31,46,36,28,18,28,40,20,43,58,9,13,0,47,44,50,25,17,50,40,35,33,13,29,13,8,5,14,52,31,5,6,7, 
47,56,27,39,43,33,58,52,38,56,46,10,52,27,24,48,11,51,36,47,0,25,11,46,58,8,33,40,56,10,59,27,58,29,57,26,43,13,25,5, 
27,27,21,50,35,44,21,47,32,42,8,41,30,21,38,19,32,37,55,44,25,0,6,6,16,47,8,56,54,7,40,49,57,5,9,59,7,27,27,20, 
5,58,15,10,18,54,8,40,48,29,49,31,6,22,30,12,51,52,44,50,11,6,0,14,45,36,5,59,36,34,46,57,46,34,41,56,31,36,48,59, 
27,45,12,14,43,39,10,59,25,33,54,28,12,33,56,6,28,5,11,25,46,6,14,0,30,38,51,58,13,35,25,28,29,36,58,31,36,54,49,23, 
20,35,58,6,22,7,52,19,57,26,21,45,44,14,40,27,25,50,22,17,58,16,45,30,0,47,47,40,14,52,34,18,48,46,37,5,27,15,58,56, 
51,48,23,53,19,46,38,36,57,33,38,55,41,20,13,41,45,56,45,50,8,47,36,38,47,0,46,52,44,24,11,10,44,21,24,16,30,45,20,49, 
53,35,20,18,49,50,14,21,5,39,9,53,42,27,44,35,47,17,10,40,33,8,5,51,47,46,0,41,6,21,28,20,12,34,36,49,16,37,38,22, 
5,10,57,47,46,18,34,51,58,56,7,29,9,15,24,43,15,42,22,35,40,56,59,58,40,52,41,0,6,39,39,41,56,54,59,41,33,18,29,30, 
16,52,42,44,43,43,8,26,25,6,47,7,20,11,55,37,37,39,9,33,56,54,36,13,14,44,6,6,0,41,5,49,50,55,27,51,46,39,59,24, 
51,31,12,13,48,37,9,11,51,56,45,47,40,41,5,10,47,22,12,13,10,7,34,35,52,24,21,39,41,0,13,7,13,19,44,6,12,14,49,51, 
32,52,32,50,31,27,9,44,15,25,30,48,52,56,6,15,56,56,36,29,59,40,46,25,34,11,28,39,5,13,0,12,15,11,42,16,53,6,9,16, 
13,50,33,43,50,58,57,56,55,41,31,22,48,26,34,28,20,53,43,13,27,49,57,28,18,10,20,41,49,7,12,0,12,47,53,36,7,22,31,48, 
50,58,8,48,45,14,29,33,37,33,16,54,52,57,31,45,15,18,39,8,58,57,46,29,48,44,12,56,50,13,15,12,0,26,33,33,38,5,6,56, 
53,58,40,23,13,48,12,7,28,38,42,27,59,16,50,12,26,46,48,5,29,5,34,36,46,21,34,54,55,19,11,47,26,0,47,14,17,17,53,32, 
35,41,32,31,13,22,28,21,8,45,34,8,26,40,54,23,35,50,23,14,57,9,41,58,37,24,36,59,27,44,42,53,33,47,0,53,14,51,43,26, 
46,7,14,35,21,54,6,27,18,15,27,40,30,45,51,18,57,36,24,52,26,59,56,31,5,16,49,41,51,6,16,36,33,14,53,0,27,19,21,53, 
55,56,15,10,9,10,27,41,46,19,30,42,36,28,45,34,6,13,7,31,43,7,31,36,27,30,16,33,46,12,53,7,38,17,14,27,0,43,10,24, 
6,26,23,31,30,36,48,27,28,15,49,45,22,20,51,13,54,26,34,5,13,27,36,54,15,45,37,18,39,14,6,22,5,17,51,19,43,0,17,57, 
43,37,55,52,43,16,30,31,41,35,51,12,13,23,9,57,37,14,51,6,25,27,48,49,58,20,38,29,59,49,9,31,6,53,43,21,10,17,0,22, 
30,12,43,18,51,22,51,48,59,19,56,25,6,56,16,13,21,54,35,7,5,20,59,23,56,49,22,30,24,51,16,48,56,32,26,53,24,57,22,0, 
jobs,30 
0,31,16,937,957,97,997,48,1043,24,1087,12,
1,23,12,1636,1648,55,1681,27,1730,13,1789,6,
2,21,25,475,522,14,579,7,607,3,648,1,
3,16,13,700,714,47,773,23,825,11,862,5,
4,2,18,793,817,14,842,7,880,3,915,1,
5,24,18,172,194,5,207,2,218,1,258,0,
6,32,11,1275,1329,96,1345,48,1399,24,1413,12,
7,25,9,1430,1463,63,1513,31,1535,15,1588,7,
8,4,25,1131,1150,43,1167,21,1222,10,1281,5,
9,31,36,461,468,97,494,48,546,24,569,12,
10,31,12,1504,1552,42,1578,21,1592,10,1603,5,
11,8,20,304,342,88,378,44,389,22,445,11,
12,23,25,828,866,34,909,17,951,8,971,4,
13,4,35,1700,1721,84,1765,42,1785,21,1844,10,
14,30,36,877,930,52,972,26,1024,13,1075,6,
15,30,39,1024,1040,32,1090,16,1121,8,1159,4,
16,25,31,1002,1012,65,1032,32,1080,16,1097,8,
17,12,26,83,125,22,171,11,219,5,252,2,
18,31,19,13,26,7,49,3,103,1,116,0,
19,7,28,725,751,32,792,16,837,8,865,4,
20,27,6,1358,1392,92,1418,46,1452,23,1482,11,
21,9,29,398,454,35,464,17,509,8,563,4,
22,35,19,538,590,58,620,29,648,14,700,7,
23,24,5,216,223,1,262,0,276,0,289,0,
24,10,7,1188,1242,6,1276,3,1331,1,1386,0,
25,26,24,1062,1109,74,1150,37,1176,18,1226,9,
26,14,18,239,297,75,338,37,363,18,403,9,
27,4,22,1604,1622,98,1664,49,1694,24,1745,12,
28,31,38,39,70,9,111,4,130,2,161,1,
29,21,9,634,676,19,730,9,766,4,799,2,
