times,80
0,19,33,29,39,45,6,40,13,15,40,8,33,6,21,25,18,41,58,5,47,45,36,39,42,34,30,16,59,54,7,14,42,43,26,58,44,23,50,36,52,31,49,53,54,35,29,18,19,54,51,13,53,56,50,49,48,11,38,14,28,21,46,9,31,59,41,43,8,9,36,14,29,40,34,53,58,24,34,8, 
19,0,43,40,47,26,21,26,54,5,16,40,55,17,52,21,8,18,7,15,55,6,49,6,9,6,45,56,29,56,27,31,20,49,30,5,57,55,13,29,49,21,25,54,7,43,30,10,47,45,44,28,13,56,35,56,12,55,23,17,35,42,29,28,8,38,35,26,46,35,43,47,59,23,29,28,29,32,16,48, 
33,43,0,47,28,33,44,37,10,58,57,36,37,16,27,15,12,30,24,57,8,48,35,52,31,57,5,30,58,56,47,22,24,42,44,35,46,56,16,45,49,28,41,13,59,11,28,51,49,26,28,15,42,33,28,21,33,55,20,55,19,8,27,27,49,8,20,26,42,28,9,7,22,9,29,21,13,32,45,44, 
29,40,47,0,23,59,41,38,34,33,22,57,48,47,9,42,54,58,17,33,53,13,10,56,27,59,5,46,49,56,51,20,55,9,12,18,34,26,35,7,46,20,8,37,25,14,36,12,52,43,17,22,53,54,13,23,39,19,50,7,59,11,51,10,43,5,36,10,15,11,17,44,25,44,16,23,21,9,54,13, 
39,47,28,23,0,31,27,26,51,49,36,35,43,54,39,52,43,33,37,17,54,35,27,10,48,7,30,22,9,49,43,18,14,50,8,19,57,18,27,26,35,50,44,57,31,16,32,29,39,22,57,31,52,42,55,45,29,20,17,34,44,11,36,8,40,16,24,45,10,24,8,40,33,31,10,17,29,53,27,11, 
45,26,33,59,31,0,37,17,25,18,51,52,51,14,48,42,49,59,28,45,41,17,48,14,21,25,16,44,18,48,49,48,34,24,11,42,35,17,39,5,44,8,10,42,55,59,46,41,53,42,56,29,59,50,41,12,29,21,38,15,23,11,15,7,21,55,21,18,7,6,17,56,40,10,44,39,35,33,9,47, 
6,21,44,41,27,37,0,16,17,43,30,57,57,30,48,5,16,39,42,58,48,51,49,38,52,5,44,26,43,31,28,27,51,8,46,12,59,31,18,18,31,28,59,22,34,45,14,5,40,39,13,7,46,48,29,37,56,56,34,40,15,49,7,58,22,51,6,15,22,19,22,19,9,13,5,30,5,5,39,34, 
40,26,37,38,26,17,16,0,5,9,57,26,19,14,10,19,25,23,14,49,21,45,57,39,47,13,7,56,26,37,11,20,47,16,32,6,30,21,6,39,21,32,19,54,46,27,14,19,57,7,59,21,50,42,52,44,19,28,14,37,55,55,54,59,7,46,13,47,45,36,32,44,26,42,57,48,43,13,39,54, 
13,54,10,34,51,25,17,5,0,58,57,11,45,37,47,32,13,14,25,13,9,23,54,48,7,20,51,37,15,52,12,35,43,48,24,13,43,51,10,37,36,8,14,39,46,42,8,15,34,42,42,32,56,12,32,26,5,23,44,20,49,42,57,25,44,40,39,48,12,11,14,47,58,33,49,25,35,36,55,12, 
15,5,58,33,49,18,43,9,58,0,58,32,10,35,20,22,7,19,5,7,33,8,26,20,28,46,58,26,37,25,48,11,49,50,16,58,38,16,35,43,16,12,42,41,30,32,26,24,39,19,38,51,41,14,31,23,59,33,44,39,22,36,37,29,57,7,15,9,55,54,57,8,13,29,39,13,47,44,55,46, 
40,16,57,22,36,51,30,57,57,58,0,47,23,9,31,6,42,7,13,19,29,15,52,36,45,53,57,55,40,28,31,18,6,41,57,21,20,41,55,46,16,56,21,40,59,52,7,17,25,45,53,17,45,47,57,28,47,35,28,24,23,54,42,7,59,43,56,58,35,30,30,48,41,16,10,40,49,24,50,55, 
8,40,36,57,35,52,57,26,11,32,47,0,21,11,15,55,57,38,29,58,15,46,17,56,47,32,41,51,58,37,12,17,28,8,14,54,29,15,17,6,27,49,12,29,58,18,55,44,54,58,5,25,53,22,59,26,52,25,14,32,44,13,13,32,7,23,38,37,53,44,30,41,11,19,31,33,57,50,40,16, 
33,55,37,48,43,51,57,19,45,10,23,21,0,41,35,58,23,40,33,56,34,35,59,40,14,30,26,17,39,8,40,8,31,47,53,5,8,39,43,38,5,24,37,6,5,10,43,16,58,8,18,52,19,58,5,30,45,18,47,52,15,10,51,18,12,28,53,37,32,13,25,16,47,59,15,50,43,40,50,10, 
6,17,16,47,54,14,30,14,37,35,9,11,41,0,11,28,54,56,9,17,37,18,40,37,14,9,5,53,55,49,15,18,23,40,45,18,6,22,7,21,23,53,55,43,54,59,56,51,40,7,33,47,14,41,35,42,31,41,55,6,41,27,39,5,46,57,25,52,32,27,19,32,59,49,8,10,27,39,17,56, 
21,52,27,9,39,48,48,10,47,20,31,15,35,11,0,30,41,30,12,5,14,42,43,16,48,33,42,58,29,24,37,10,32,6,47,56,42,47,37,57,59,27,13,23,9,18,52,32,53,27,29,18,42,10,20,25,43,30,18,48,17,40,59,17,6,13,47,54,53,59,47,41,42,12,11,23,36,7,22,54, 
25,21,15,42,52,42,5,19,32,22,6,55,58,28,30,0,21,49,37,40,59,14,26,31,13,50,13,30,35,17,14,9,14,38,37,20,43,54,48,17,20,52,44,13,39,27,52,58,50,17,34,48,42,27,7,25,8,37,7,46,22,57,33,25,45,7,29,20,24,9,17,42,32,18,57,5,35,31,30,31, 
18,8,12,54,43,49,16,25,13,7,42,57,23,54,41,21,0,59,28,32,44,52,30,25,24,39,13,10,48,15,56,41,26,18,8,47,15,27,10,25,34,12,35,59,42,20,10,58,14,48,7,48,53,59,36,46,5,51,9,29,57,51,34,33,47,34,43,20,52,36,42,8,32,47,58,7,34,17,35,11, 
41,18,30,58,33,59,39,23,14,19,7,38,40,56,30,49,59,0,18,17,45,9,16,25,5,17,34,38,53,21,59,16,57,18,37,14,20,20,37,24,59,26,6,12,8,24,37,18,19,50,38,30,12,20,44,59,59,34,59,47,45,58,20,8,50,56,54,48,57,55,28,6,51,5,53,19,36,55,6,44, 
58,7,24,17,37,28,42,14,25,5,13,29,33,9,12,37,28,18,0,51,23,16,33,54,19,44,30,39,24,36,41,41,14,44,55,22,58,14,11,51,27,47,11,19,32,45,9,51,50,18,56,6,53,55,5,29,31,18,28,36,57,52,39,29,36,34,38,27,9,43,38,55,50,31,54,47,38,21,40,43, 
5,15,57,33,17,45,58,49,13,7,19,58,56,17,5,40,32,17,51,0,52,53,22,12,8,35,15,46,18,7,29,19,49,46,45,12,16,22,40,52,38,6,29,35,43,21,38,47,9,31,28,40,40,46,22,13,33,5,5,14,43,56,9,8,22,26,28,51,25,48,26,45,10,59,6,31,54,46,29,21, 
47,55,8,53,54,41,48,21,9,33,29,15,34,37,14,59,44,45,23,52,0,16,37,51,23,14,39,8,52,16,18,49,43,17,37,54,40,25,22,46,26,36,57,58,8,24,11,24,15,52,59,13,8,11,38,26,35,31,37,31,30,57,43,47,24,49,44,29,17,42,26,13,29,57,41,31,8,14,22,7, 
45,6,48,13,35,17,51,45,23,8,15,46,35,18,42,14,52,9,16,53,16,0,58,42,45,55,28,29,13,20,19,27,46,13,41,51,32,47,54,27,37,24,11,30,19,53,15,31,40,19,42,22,36,33,22,11,22,10,59,5,49,10,32,20,44,50,39,5,50,22,24,35,32,7,8,27,38,48,20,28, 
36,49,35,10,27,48,49,57,54,26,52,17,59,40,43,26,30,16,33,22,37,58,0,48,38,51,16,30,31,44,40,29,48,33,21,28,30,48,17,59,10,41,10,7,32,55,50,36,27,12,49,22,30,18,43,54,48,58,40,6,21,55,53,50,15,6,43,38,53,31,16,26,25,21,43,7,17,39,28,36, 
39,6,52,56,10,14,38,39,48,20,36,56,40,37,16,31,25,25,54,12,51,42,48,0,48,11,20,31,37,5,17,10,11,8,52,30,52,6,31,49,7,16,16,41,31,49,40,10,20,48,49,57,20,47,22,20,40,11,57,51,55,52,42,33,30,32,30,40,16,29,58,6,15,48,16,25,51,39,48,48, 
42,9,31,27,48,21,52,47,7,28,45,47,14,14,48,13,24,5,19,8,23,45,38,48,0,52,38,48,9,21,57,38,10,52,29,54,13,8,23,45,28,48,59,23,13,52,38,56,56,23,5,21,56,48,41,51,23,41,30,14,49,13,38,53,40,31,52,7,27,54,8,13,53,19,20,56,50,21,59,15, 
34,6,57,59,7,25,5,13,20,46,53,32,30,9,33,50,39,17,44,35,14,55,51,11,52,0,44,46,13,58,49,47,36,29,30,16,35,23,38,7,7,23,34,30,32,24,20,11,37,30,39,25,26,29,8,42,31,44,51,27,32,25,5,11,7,11,22,58,58,40,18,7,35,51,40,41,45,44,49,14, 
30,45,5,5,30,16,44,7,51,58,57,41,26,5,42,13,13,34,30,15,39,28,16,20,38,44,0,53,48,17,10,48,14,47,47,18,36,42,55,13,16,46,40,24,25,51,56,19,11,44,30,10,21,5,40,26,14,40,16,6,53,8,18,42,12,45,20,48,32,46,54,57,39,56,8,11,32,57,24,59, 
16,56,30,46,22,44,26,56,37,26,55,51,17,53,58,30,10,38,39,46,8,29,30,31,48,46,53,0,53,20,30,54,27,57,30,44,32,43,56,52,33,28,21,25,20,16,21,52,30,45,46,27,37,49,38,5,38,21,41,56,42,8,51,27,13,11,6,18,9,23,40,9,15,31,56,25,7,40,30,21, 
59,29,58,49,9,18,43,26,15,37,40,58,39,55,29,35,48,53,24,18,52,13,31,37,9,13,48,53,0,27,34,54,53,56,27,6,25,45,40,39,7,52,44,18,29,19,31,12,35,15,8,16,25,13,37,19,23,7,59,51,52,6,52,20,25,51,9,16,36,47,52,16,23,39,32,20,30,32,31,58, 
54,56,56,56,49,48,31,37,52,25,28,37,8,49,24,17,15,21,36,7,16,20,44,5,21,58,17,20,27,0,43,44,20,40,44,20,58,21,8,39,58,32,23,48,32,44,32,7,54,59,59,18,53,29,42,15,41,20,34,54,7,34,29,13,54,54,35,6,43,31,45,50,29,8,17,41,6,42,5,35, 
7,27,47,51,43,49,28,11,12,48,31,12,40,15,37,14,56,59,41,29,18,19,40,17,57,49,10,30,34,43,0,21,7,31,52,18,27,13,37,13,54,37,37,33,46,38,49,31,57,41,50,58,26,48,36,20,48,50,54,21,13,39,41,33,44,39,56,53,17,41,18,37,39,29,58,29,30,47,46,29, 
14,31,22,20,18,48,27,20,35,11,18,17,8,18,10,9,41,16,41,19,49,27,29,10,38,47,48,54,54,44,21,0,12,51,12,29,5,5,16,33,21,28,39,38,8,44,31,53,20,23,45,28,42,36,51,10,49,5,32,22,48,24,6,48,15,13,44,12,45,46,38,24,15,41,42,53,37,41,20,52, 
42,20,24,55,14,34,51,47,43,49,6,28,31,23,32,14,26,57,14,49,43,46,48,11,10,36,14,27,53,20,7,12,0,57,44,35,10,43,16,51,21,9,29,10,45,5,13,44,39,27,50,10,25,25,56,42,43,29,32,56,36,33,25,6,45,40,31,44,16,18,16,47,45,41,14,27,10,15,18,5, 
43,49,42,9,50,24,8,16,48,50,41,8,47,40,6,38,18,18,44,46,17,13,33,8,52,29,47,57,56,40,31,51,57,0,21,16,29,58,29,9,34,23,54,6,7,18,42,21,18,52,33,26,31,16,9,38,51,52,27,24,24,18,44,34,24,39,10,55,45,26,9,40,30,54,30,14,47,18,11,16, 
26,30,44,12,8,11,46,32,24,16,57,14,53,45,47,37,8,37,55,45,37,41,21,52,29,30,47,30,27,44,52,12,44,21,0,16,21,10,39,38,26,16,32,51,25,40,46,54,47,9,18,17,17,32,58,55,5,45,48,32,27,49,50,42,57,39,41,26,33,8,59,17,19,24,58,32,12,27,21,39, 
58,5,35,18,19,42,12,6,13,58,21,54,5,18,56,20,47,14,22,12,54,51,28,30,54,16,18,44,6,20,18,29,35,16,16,0,16,38,43,18,5,56,12,57,13,30,7,7,39,5,35,46,44,30,53,36,43,37,57,46,34,26,11,36,8,31,17,18,22,34,22,5,42,51,31,29,46,44,52,39, 
44,57,46,34,57,35,59,30,43,38,20,29,8,6,42,43,15,20,58,16,40,32,30,52,13,35,36,32,25,58,27,5,10,29,21,16,0,43,21,33,42,43,46,37,14,29,7,59,19,22,10,6,53,37,11,37,44,49,48,8,43,25,51,10,24,31,12,14,22,42,29,37,50,38,37,12,20,28,48,37, 
23,55,56,26,18,17,31,21,51,16,41,15,39,22,47,54,27,20,14,22,25,47,48,6,8,23,42,43,45,21,13,5,43,58,10,38,43,0,16,59,16,8,45,35,21,33,50,54,31,14,13,48,22,28,58,57,58,59,39,55,44,28,52,36,20,48,25,32,23,57,6,19,32,7,13,19,6,36,31,17, 
50,13,16,35,27,39,18,6,10,35,55,17,43,7,37,48,10,37,11,40,22,54,17,31,23,38,55,56,40,8,37,16,16,29,39,43,21,16,0,57,20,42,16,51,57,18,47,30,29,59,57,50,44,39,21,50,27,50,19,12,54,26,8,17,41,10,44,14,36,13,48,13,33,47,23,10,49,27,23,56, 
36,29,45,7,26,5,18,39,37,43,46,6,38,21,57,17,25,24,51,52,46,27,59,49,45,7,13,52,39,39,13,33,51,9,38,18,33,59,57,0,32,10,33,24,31,44,8,57,43,33,43,26,14,23,20,28,35,28,23,43,32,13,26,34,35,48,10,56,19,47,18,15,6,56,40,21,46,23,5,19, 
52,49,49,46,35,44,31,21,36,16,16,27,5,23,59,20,34,59,27,38,26,37,10,7,28,7,16,33,7,58,54,21,21,34,26,5,42,16,20,32,0,50,44,24,21,25,17,58,21,13,47,32,52,57,45,26,11,13,36,23,23,26,40,35,26,44,28,10,17,12,21,8,8,50,8,58,26,53,25,35, 
31,21,28,20,50,8,28,32,8,12,56,49,24,53,27,52,12,26,47,6,36,24,41,16,48,23,46,28,52,32,37,28,9,23,16,56,43,8,42,10,50,0,22,14,7,50,19,28,47,12,43,46,59,31,35,10,51,37,59,23,56,6,51,57,40,30,36,42,31,21,17,56,20,27,20,41,57,47,12,10, 
49,25,41,8,44,10,59,19,14,42,21,12,37,55,13,44,35,6,11,29,57,11,10,16,59,34,40,21,44,23,37,39,29,54,32,12,46,45,16,33,44,22,0,8,33,8,19,8,44,11,5,13,25,18,24,22,33,22,57,37,15,28,20,24,44,27,21,26,8,26,15,22,29,23,48,12,7,12,19,46, 
53,54,13,37,57,42,22,54,39,41,40,29,6,43,23,13,59,12,19,35,58,30,7,41,23,30,24,25,18,48,33,38,10,6,51,57,37,35,51,24,24,14,8,0,31,34,55,19,14,55,34,39,33,22,18,40,31,33,33,58,21,19,19,6,50,51,24,58,39,25,54,50,46,55,9,54,11,59,34,6, 
54,7,59,25,31,55,34,46,46,30,59,58,5,54,9,39,42,8,32,43,8,19,32,31,13,32,25,20,29,32,46,8,45,7,25,13,14,21,57,31,21,7,33,31,0,46,12,43,44,7,56,21,9,37,13,30,14,27,13,45,38,10,27,51,31,40,18,34,16,52,51,10,36,29,57,48,40,50,32,57, 
35,43,11,14,16,59,45,27,42,32,52,18,10,59,18,27,20,24,45,21,24,53,55,49,52,24,51,16,19,44,38,44,5,18,40,30,29,33,18,44,25,50,8,34,46,0,19,45,45,59,5,15,33,27,44,16,36,14,16,43,46,38,33,31,11,10,18,46,19,36,36,28,41,8,52,8,58,31,40,13, 
29,30,28,36,32,46,14,14,8,26,7,55,43,56,52,52,10,37,9,38,11,15,50,40,38,20,56,21,31,32,49,31,13,42,46,7,7,50,47,8,17,19,19,55,12,19,0,11,14,51,37,39,43,59,42,58,41,14,17,51,45,58,38,36,13,17,17,22,12,25,42,43,12,18,11,13,53,40,56,43, 
18,10,51,12,29,41,5,19,15,24,17,44,16,51,32,58,58,18,51,47,24,31,36,10,56,11,19,52,12,7,31,53,44,21,54,7,59,54,30,57,58,28,8,19,43,45,11,0,56,21,45,17,47,51,19,41,15,43,22,42,22,43,44,23,22,44,53,36,37,50,54,16,47,35,45,12,5,12,54,25, 
19,47,49,52,39,53,40,57,34,39,25,54,58,40,53,50,14,19,50,9,15,40,27,20,56,37,11,30,35,54,57,20,39,18,47,39,19,31,29,43,21,47,44,14,44,45,14,56,0,53,59,22,12,24,33,35,5,20,19,7,38,24,6,20,36,33,43,58,7,56,35,14,23,40,19,57,36,35,16,29, 
54,45,26,43,22,42,39,7,42,19,45,58,8,7,27,17,48,50,18,31,52,19,12,48,23,30,44,45,15,59,41,23,27,52,9,5,22,14,59,33,13,12,11,55,7,59,51,21,53,0,39,54,44,39,30,28,37,42,31,28,12,10,51,37,50,6,35,45,26,34,10,19,15,13,26,18,48,57,48,41, 
51,44,28,17,57,56,13,59,42,38,53,5,18,33,29,34,7,38,56,28,59,42,49,49,5,39,30,46,8,59,50,45,50,33,18,35,10,13,57,43,47,43,5,34,56,5,37,45,59,39,0,33,28,47,7,10,54,38,15,13,47,15,50,20,30,24,47,11,42,52,32,48,45,29,33,16,26,21,23,13, 
13,28,15,22,31,29,7,21,32,51,17,25,52,47,18,48,48,30,6,40,13,22,22,57,21,25,10,27,16,18,58,28,10,26,17,46,6,48,50,26,32,46,13,39,21,15,39,17,22,54,33,0,29,44,40,20,18,30,25,24,44,53,5,8,59,36,25,19,59,52,23,39,29,45,38,38,42,7,12,23, 
53,13,42,53,52,59,46,50,56,41,45,53,19,14,42,42,53,12,53,40,8,36,30,20,56,26,21,37,25,53,26,42,25,31,17,44,53,22,44,14,52,59,25,33,9,33,43,47,12,44,28,29,0,43,45,17,57,51,49,15,19,23,31,49,43,45,36,14,22,18,53,28,53,9,6,45,26,20,48,48, 
56,56,33,54,42,50,48,42,12,14,47,22,58,41,10,27,59,20,55,46,11,33,18,47,48,29,5,49,13,29,48,36,25,16,32,30,37,28,39,23,57,31,18,22,37,27,59,51,24,39,47,44,43,0,43,26,54,18,30,18,21,27,10,16,51,35,55,22,34,32,34,17,47,13,48,25,43,40,33,47, 
50,35,28,13,55,41,29,52,32,31,57,59,5,35,20,7,36,44,5,22,38,22,43,22,41,8,40,38,37,42,36,51,56,9,58,53,11,58,21,20,45,35,24,18,13,44,42,19,33,30,7,40,45,43,0,34,14,22,59,25,57,29,10,10,48,10,27,40,36,28,26,55,39,55,32,9,18,43,51,42, 
49,56,21,23,45,12,37,44,26,23,28,26,30,42,25,25,46,59,29,13,26,11,54,20,51,42,26,5,19,15,20,10,42,38,55,36,37,57,50,28,26,10,22,40,30,16,58,41,35,28,10,20,17,26,34,0,41,37,10,40,47,14,52,38,41,54,49,27,47,19,23,22,51,14,48,5,32,46,18,24, 
48,12,33,39,29,29,56,19,5,59,47,52,45,31,43,8,5,59,31,33,35,22,48,40,23,31,14,38,23,41,48,49,43,51,5,43,44,58,27,35,11,51,33,31,14,36,41,15,5,37,54,18,57,54,14,41,0,11,7,25,56,55,27,59,51,28,24,41,34,42,25,14,41,34,41,16,11,44,57,14, 
11,55,55,19,20,21,56,28,23,33,35,25,18,41,30,37,51,34,18,5,31,10,58,11,41,44,40,21,7,20,50,5,29,52,45,37,49,59,50,28,13,37,22,33,27,14,14,43,20,42,38,30,51,18,22,37,11,0,5,20,24,54,10,50,24,29,18,51,9,36,44,51,29,56,24,25,12,23,41,19, 
38,23,20,50,17,38,34,14,44,44,28,14,47,55,18,7,9,59,28,5,37,59,40,57,30,51,16,41,59,34,54,32,32,27,48,57,48,39,19,23,36,59,57,33,13,16,17,22,19,31,15,25,49,30,59,10,7,5,0,12,52,39,37,52,39,24,36,23,55,57,40,15,18,38,15,41,59,33,32,8, 
14,17,55,7,34,15,40,37,20,39,24,32,52,6,48,46,29,47,36,14,31,5,6,51,14,27,6,56,51,54,21,22,56,24,32,46,8,55,12,43,23,23,37,58,45,43,51,42,7,28,13,24,15,18,25,40,25,20,12,0,7,45,16,29,15,18,30,51,39,20,13,52,24,55,45,23,6,19,29,8, 
28,35,19,59,44,23,15,55,49,22,23,44,15,41,17,22,57,45,57,43,30,49,21,55,49,32,53,42,52,7,13,48,36,24,27,34,43,44,54,32,23,56,15,21,38,46,45,22,38,12,47,44,19,21,57,47,56,24,52,7,0,21,52,55,34,58,7,14,50,33,44,44,25,43,39,23,29,36,39,25, 
21,42,8,11,11,11,49,55,42,36,54,13,10,27,40,57,51,58,52,56,57,10,55,52,13,25,8,8,6,34,39,24,33,18,49,26,25,28,26,13,26,6,28,19,10,38,58,43,24,10,15,53,23,27,29,14,55,54,39,45,21,0,7,21,34,22,37,25,6,48,42,37,25,46,57,32,41,6,8,9, 
46,29,27,51,36,15,7,54,57,37,42,13,51,39,59,33,34,20,39,9,43,32,53,42,38,5,18,51,52,29,41,6,25,44,50,11,51,52,8,26,40,51,20,19,27,33,38,44,6,51,50,5,31,10,10,52,27,10,37,16,52,7,0,34,19,21,34,29,33,34,30,52,6,36,45,27,16,53,45,59, 
9,28,27,10,8,7,58,59,25,29,7,32,18,5,17,25,33,8,29,8,47,20,50,33,53,11,42,27,20,13,33,48,6,34,42,36,10,36,17,34,35,57,24,6,51,31,36,23,20,37,20,8,49,16,10,38,59,50,52,29,55,21,34,0,12,16,19,13,10,41,8,18,45,26,46,45,16,56,33,51, 
31,8,49,43,40,21,22,7,44,57,59,7,12,46,6,45,47,50,36,22,24,44,15,30,40,7,12,13,25,54,44,15,45,24,57,8,24,20,41,35,26,40,44,50,31,11,13,22,36,50,30,59,43,51,48,41,51,24,39,15,34,34,19,12,0,27,31,30,8,5,9,34,24,56,33,58,50,55,40,52, 
59,38,8,5,16,55,51,46,40,7,43,23,28,57,13,7,34,56,34,26,49,50,6,32,31,11,45,11,51,54,39,13,40,39,39,31,31,48,10,48,44,30,27,51,40,10,17,44,33,6,24,36,45,35,10,54,28,29,24,18,58,22,21,16,27,0,40,10,58,15,52,20,5,13,32,51,15,37,54,27, 
41,35,20,36,24,21,6,13,39,15,56,38,53,25,47,29,43,54,38,28,44,39,43,30,52,22,20,6,9,35,56,44,31,10,41,17,12,25,44,10,28,36,21,24,18,18,17,53,43,35,47,25,36,55,27,49,24,18,36,30,7,37,34,19,31,40,0,36,22,48,22,50,46,51,58,51,31,13,45,34, 
43,26,26,10,45,18,15,47,48,9,58,37,37,52,54,20,20,48,27,51,29,5,38,40,7,58,48,18,16,6,53,12,44,55,26,18,14,32,14,56,10,42,26,58,34,46,22,36,58,45,11,19,14,22,40,27,41,51,23,51,14,25,29,13,30,10,36,0,36,37,35,52,31,33,56,49,32,55,10,34, 
8,46,42,15,10,7,22,45,12,55,35,53,32,32,53,24,52,57,9,25,17,50,53,16,27,58,32,9,36,43,17,45,16,45,33,22,22,23,36,19,17,31,8,39,16,19,12,37,7,26,42,59,22,34,36,47,34,9,55,39,50,6,33,10,8,58,22,36,0,13,33,54,57,53,55,55,18,28,36,38, 
9,35,28,11,24,6,19,36,11,54,30,44,13,27,59,9,36,55,43,48,42,22,31,29,54,40,46,23,47,31,41,46,18,26,8,34,42,57,13,47,12,21,26,25,52,36,25,50,56,34,52,52,18,32,28,19,42,36,57,20,33,48,34,41,5,15,48,37,13,0,25,42,46,55,25,34,23,34,44,50, 
36,43,9,17,8,17,22,32,14,57,30,30,25,19,47,17,42,28,38,26,26,24,16,58,8,18,54,40,52,45,18,38,16,9,59,22,29,6,48,18,21,17,15,54,51,36,42,54,35,10,32,23,53,34,26,23,25,44,40,13,44,42,30,8,9,52,22,35,33,25,0,57,40,20,35,30,12,49,34,17, 
14,47,7,44,40,56,19,44,47,8,48,41,16,32,41,42,8,6,55,45,13,35,26,6,13,7,57,9,16,50,37,24,47,40,17,5,37,19,13,15,8,56,22,50,10,28,43,16,14,19,48,39,28,17,55,22,14,51,15,52,44,37,52,18,34,20,50,52,54,42,57,0,36,52,14,52,32,55,19,19, 
29,59,22,25,33,40,9,26,58,13,41,11,47,59,42,32,32,51,50,10,29,32,25,15,53,35,39,15,23,29,39,15,45,30,19,42,50,32,33,6,8,20,29,46,36,41,12,47,23,15,45,29,53,47,39,51,41,29,18,24,25,25,6,45,24,5,46,31,57,46,40,36,0,11,59,5,55,48,34,53, 
40,23,9,44,31,10,13,42,33,29,16,19,59,49,12,18,47,5,31,59,57,7,21,48,19,51,56,31,39,8,29,41,41,54,24,51,38,7,47,56,50,27,23,55,29,8,18,35,40,13,29,45,9,13,55,14,34,56,38,55,43,46,36,26,56,13,51,33,53,55,20,52,11,0,57,38,50,12,19,19, 
34,29,29,16,10,44,5,57,49,39,10,31,15,8,11,57,58,53,54,6,41,8,43,16,20,40,8,56,32,17,58,42,14,30,58,31,37,13,23,40,8,20,48,9,57,52,11,45,19,26,33,38,6,48,32,48,41,24,15,45,39,57,45,46,33,32,58,56,55,25,35,14,59,57,0,18,26,39,27,31, 
53,28,21,23,17,39,30,48,25,13,40,33,50,10,23,5,7,19,47,31,31,27,7,25,56,41,11,25,20,41,29,53,27,14,32,29,12,19,10,21,58,41,12,54,48,8,13,12,57,18,16,38,45,25,9,5,16,25,41,23,23,32,27,45,58,51,51,49,55,34,30,52,5,38,18,0,54,43,21,36, 
58,29,13,21,29,35,5,43,35,47,49,57,43,27,36,35,34,36,38,54,8,38,17,51,50,45,32,7,30,6,30,37,10,47,12,46,20,6,49,46,26,57,7,11,40,58,53,5,36,48,26,42,26,43,18,32,11,12,59,6,29,41,16,16,50,15,31,32,18,23,12,32,55,50,26,54,0,36,43,31, 
24,32,32,9,53,33,5,13,36,44,24,50,40,39,7,31,17,55,21,46,14,48,39,39,21,44,57,40,32,42,47,41,15,18,27,44,28,36,27,23,53,47,12,59,50,31,40,12,35,57,21,7,20,40,43,46,44,23,33,19,36,6,53,56,55,37,13,55,28,34,49,55,48,12,39,43,36,0,29,43, 
34,16,45,54,27,9,39,39,55,55,50,40,50,17,22,30,35,6,40,29,22,20,28,48,59,49,24,30,31,5,46,20,18,11,21,52,48,31,23,5,25,12,19,34,32,40,56,54,16,48,23,12,48,33,51,18,57,41,32,29,39,8,45,33,40,54,45,10,36,44,34,19,34,19,27,21,43,29,0,30, 
8,48,44,13,11,47,34,54,12,46,55,16,10,56,54,31,11,44,43,21,7,28,36,48,15,14,59,21,58,35,29,52,5,16,39,39,37,17,56,19,35,10,46,6,57,13,43,25,29,41,13,23,48,47,42,24,14,19,8,8,25,9,59,51,52,27,34,34,38,50,17,19,53,19,31,36,31,43,30,0, 
jobs,50 
0,64,26,1992,2004,12,2060,6,2113,3,2165,1,
1,53,55,1925,1951,0,1996,0,2051,0,2081,0,
2,9,38,952,987,75,1027,37,1082,18,1125,9,
3,54,76,1499,1517,4,1529,2,1563,1,1617,0,
4,20,7,830,851,69,907,34,963,17,994,8,
5,78,44,890,922,90,937,45,961,22,995,11,
6,15,35,3176,3196,67,3219,33,3240,16,3283,8,
7,14,7,2064,2074,22,2092,11,2140,5,2168,2,
8,18,6,2920,2962,8,3001,4,3028,2,3076,1,
9,50,39,1543,1586,28,1599,14,1646,7,1672,3,
10,66,20,2518,2562,18,2584,9,2634,4,2690,2,
11,43,50,2984,3018,43,3034,21,3079,10,3113,5,
12,60,12,2450,2465,96,2483,48,2537,24,2554,12,
13,9,34,2595,2611,10,2646,5,2664,2,2722,1,
14,43,68,496,535,44,563,22,575,11,598,5,
15,24,44,2042,2055,0,2096,0,2153,0,2164,0,
16,67,60,43,57,5,98,2,137,1,147,0,
17,42,23,1619,1635,23,1651,11,1666,5,1710,2,
18,15,78,1785,1815,51,1841,25,1855,12,1911,6,
19,8,73,2079,2112,89,2153,44,2212,22,2242,11,
20,78,8,688,743,24,754,12,811,6,826,3,
21,72,76,1426,1481,26,1509,13,1536,6,1549,3,
22,5,61,2229,2240,67,2265,33,2310,16,2360,8,
23,71,70,1834,1891,25,1924,12,1983,6,1995,3,
24,38,21,1137,1191,1,1215,0,1266,0,1291,0,
25,38,79,2730,2786,54,2815,27,2868,13,2924,6,
26,9,42,446,488,99,515,49,541,24,578,12,
27,64,29,2668,2722,11,2754,5,2772,2,2821,1,
28,55,4,3079,3124,0,3180,0,3196,0,3239,0,
29,35,69,2383,2417,5,2474,2,2514,1,2532,0,
30,63,65,178,194,3,228,1,267,0,317,0,
31,54,24,2167,2208,5,2233,2,2283,1,2302,0,
32,79,59,1731,1739,85,1783,42,1828,21,1872,10,
33,5,44,2833,2888,47,2942,23,2977,11,3012,5,
34,67,56,1001,1042,68,1054,34,1078,17,1127,8,
35,49,15,1683,1700,18,1729,9,1750,4,1793,2,
36,22,67,334,372,7,402,3,442,1,495,0,
37,23,24,1233,1281,99,1329,49,1349,24,1387,12,
38,62,38,800,808,33,837,16,856,8,873,4,
39,51,42,391,404,66,420,33,472,16,522,8,
40,67,51,71,90,16,134,8,160,4,205,2,
41,45,68,633,652,3,685,1,709,0,725,0,
42,70,14,568,615,72,630,36,640,18,658,9,
43,79,59,3031,3039,43,3062,21,3084,10,3094,5,
44,28,17,1290,1343,42,1383,21,1408,10,1448,5,
45,22,17,1359,1375,91,1434,45,1486,22,1528,11,
46,13,27,251,304,93,323,46,365,23,376,11,
47,6,63,2289,2347,3,2369,1,2388,0,2408,0,
48,17,50,120,158,1,217,0,258,0,279,0,
49,52,37,1099,1121,82,1161,41,1171,20,1222,10,
