times,60
0,39,33,22,25,31,14,10,54,8,22,16,41,55,44,9,56,26,40,36,50,38,30,34,35,5,17,16,40,8,20,19,24,38,32,28,32,23,31,52,51,59,57,59,51,34,49,48,57,10,12,31,37,57,52,37,13,40,53,44, 
39,0,41,20,18,20,44,5,18,41,36,47,40,21,57,29,5,43,51,28,49,25,57,32,39,42,14,17,38,24,41,21,23,13,16,31,34,33,51,56,46,35,59,36,46,34,15,26,10,25,39,9,47,31,36,47,8,50,47,17, 
33,41,0,14,47,12,54,49,55,26,58,47,42,19,42,26,26,48,55,26,50,46,47,55,50,25,54,35,32,16,55,19,46,18,16,32,34,26,28,18,27,9,23,54,50,57,30,51,53,17,13,42,39,26,16,25,47,51,10,52, 
22,20,14,0,48,13,57,58,43,36,31,23,59,20,43,9,7,37,55,33,14,38,19,7,52,24,8,53,48,31,6,43,53,41,16,9,16,47,6,47,54,23,10,9,56,48,53,30,15,12,51,31,46,44,30,48,50,38,28,43, 
25,18,47,48,0,24,51,5,9,38,48,57,40,21,32,27,58,15,9,15,5,52,52,59,23,10,32,10,19,59,22,30,24,59,24,31,45,9,55,11,35,42,25,7,34,54,45,53,13,42,24,45,41,35,17,40,19,6,25,20, 
31,20,12,13,24,0,25,20,9,39,11,15,20,52,21,31,41,58,10,55,8,45,49,20,46,42,22,29,6,50,45,19,55,20,45,48,56,57,33,51,18,59,34,43,30,6,27,49,50,43,57,55,7,5,37,11,59,28,21,15, 
14,44,54,57,51,25,0,21,27,48,48,55,28,30,40,11,12,8,36,39,20,5,44,7,8,9,53,55,7,13,49,57,20,51,35,26,50,41,35,51,34,26,15,38,21,16,59,40,25,33,28,46,51,44,48,21,12,34,18,49, 
10,5,49,58,5,20,21,0,10,48,54,53,26,47,57,25,11,12,56,26,59,17,11,58,20,15,37,34,25,45,28,29,29,38,31,37,57,49,48,28,30,11,57,48,47,42,11,50,54,12,23,57,59,28,15,20,13,47,47,17, 
54,18,55,43,9,9,27,10,0,9,37,20,15,7,32,53,33,49,56,46,49,14,35,30,26,59,25,27,10,41,23,11,45,42,44,6,42,38,22,35,47,53,47,27,5,21,27,26,9,9,51,49,35,38,51,5,12,48,56,57, 
8,41,26,36,38,39,48,48,9,0,20,36,37,38,17,6,19,38,36,48,13,37,39,5,56,33,50,35,24,59,33,22,23,13,56,34,40,7,26,36,28,59,50,54,32,38,56,52,47,33,53,10,19,57,38,49,29,16,22,53, 
22,36,58,31,48,11,48,54,37,20,0,50,47,49,43,32,59,15,41,40,51,25,6,59,54,41,7,8,25,50,30,49,18,40,33,40,5,49,42,43,26,21,40,19,17,43,27,6,54,49,38,59,17,25,59,35,26,10,34,56, 
16,47,47,23,57,15,55,53,20,36,50,0,31,53,52,55,26,17,27,28,46,25,26,15,14,22,7,23,10,40,31,16,39,35,15,20,30,18,31,54,55,17,15,40,34,21,16,6,45,35,18,17,28,19,14,50,33,57,44,52, 
41,40,42,59,40,20,28,26,15,37,47,31,0,18,11,19,26,51,40,23,42,26,39,13,47,40,46,49,35,55,7,33,18,46,38,14,13,44,35,46,9,37,19,21,49,6,42,38,41,6,40,10,56,55,45,19,55,16,10,44, 
55,21,19,20,21,52,30,47,7,38,49,53,18,0,51,33,21,28,50,54,26,25,51,6,51,36,31,12,46,35,13,54,24,17,16,7,55,28,8,59,58,35,43,18,30,19,38,44,16,29,14,28,45,23,38,25,11,47,15,10, 
44,57,42,43,32,21,40,57,32,17,43,52,11,51,0,25,51,43,58,52,55,37,29,57,56,51,12,52,54,21,54,33,53,23,30,42,49,5,27,15,8,18,15,33,24,6,19,37,8,58,26,12,19,15,46,37,27,29,36,42, 
9,29,26,9,27,31,11,25,53,6,32,55,19,33,25,0,50,48,33,8,30,42,30,21,46,56,6,20,40,31,42,45,34,10,21,13,27,34,36,17,7,59,54,31,25,25,55,52,35,20,23,14,11,54,45,37,53,48,31,27, 
56,5,26,7,58,41,12,11,33,19,59,26,26,21,51,50,0,50,36,47,52,22,57,30,12,7,49,17,20,13,33,29,23,10,59,40,5,55,39,35,7,23,21,53,33,47,7,24,51,51,47,21,12,56,23,47,14,46,19,36, 
26,43,48,37,15,58,8,12,49,38,15,17,51,28,43,48,50,0,13,57,55,38,22,54,13,15,34,25,22,18,34,50,17,37,16,47,19,57,48,51,29,16,18,28,30,19,9,25,34,51,24,34,39,42,46,45,12,12,57,18, 
40,51,55,55,9,10,36,56,56,36,41,27,40,50,58,33,36,13,0,59,13,36,24,44,40,59,15,52,45,46,51,57,21,24,59,34,49,21,36,7,35,35,47,25,16,36,10,54,25,26,24,8,21,54,9,20,11,14,11,33, 
36,28,26,33,15,55,39,26,46,48,40,28,23,54,52,8,47,57,59,0,25,29,30,27,57,41,32,45,24,22,5,36,30,40,51,46,12,55,50,17,43,32,17,56,9,42,53,21,56,11,16,52,37,17,59,13,36,51,15,59, 
50,49,50,14,5,8,20,59,49,13,51,46,42,26,55,30,52,55,13,25,0,32,12,23,34,9,38,37,54,10,21,42,58,38,38,41,21,35,28,41,54,38,45,28,7,17,55,41,56,6,41,9,58,55,36,7,16,23,41,44, 
38,25,46,38,52,45,5,17,14,37,25,25,26,25,37,42,22,38,36,29,32,0,49,41,42,6,5,51,26,26,46,45,39,27,48,47,22,32,11,48,20,34,57,56,12,28,45,57,25,28,6,28,32,44,21,45,25,35,28,19, 
30,57,47,19,52,49,44,11,35,39,6,26,39,51,29,30,57,22,24,30,12,49,0,14,39,8,33,50,12,18,24,12,16,35,49,51,57,30,37,13,34,33,58,42,50,18,7,19,6,52,41,18,54,53,31,57,25,9,43,46, 
34,32,55,7,59,20,7,58,30,5,59,15,13,6,57,21,30,54,44,27,23,41,14,0,18,16,38,41,28,53,58,5,45,38,48,59,53,47,57,34,7,33,44,21,12,41,59,19,41,22,13,18,22,53,7,10,51,26,23,32, 
35,39,50,52,23,46,8,20,26,56,54,14,47,51,56,46,12,13,40,57,34,42,39,18,0,15,53,59,19,47,7,57,59,9,40,33,25,17,29,40,14,50,25,37,48,5,57,59,19,41,55,5,41,58,6,24,12,6,37,44, 
5,42,25,24,10,42,9,15,59,33,41,22,40,36,51,56,7,15,59,41,9,6,8,16,15,0,16,27,20,49,22,46,20,25,19,37,26,20,8,51,27,44,59,12,18,30,8,10,33,41,13,22,20,41,23,51,32,42,22,39, 
17,14,54,8,32,22,53,37,25,50,7,7,46,31,12,6,49,34,15,32,38,5,33,38,53,16,0,16,9,10,42,21,14,18,38,10,32,54,45,40,44,47,21,50,45,55,12,57,29,52,34,26,27,7,30,22,18,56,13,38, 
16,17,35,53,10,29,55,34,27,35,8,23,49,12,52,20,17,25,52,45,37,51,50,41,59,27,16,0,49,38,6,24,9,11,52,47,27,34,32,15,57,18,10,27,12,31,18,20,36,33,54,49,21,43,20,19,25,43,50,6, 
40,38,32,48,19,6,7,25,10,24,25,10,35,46,54,40,20,22,45,24,54,26,12,28,19,20,9,49,0,57,6,5,42,55,58,17,46,40,23,39,5,40,42,49,10,17,19,36,23,31,19,28,59,49,43,31,9,5,47,49, 
8,24,16,31,59,50,13,45,41,59,50,40,55,35,21,31,13,18,46,22,10,26,18,53,47,49,10,38,57,0,26,30,44,37,56,11,56,17,51,12,32,57,19,12,19,37,38,20,30,52,7,51,56,5,36,38,41,14,37,36, 
20,41,55,6,22,45,49,28,23,33,30,31,7,13,54,42,33,34,51,5,21,46,24,58,7,22,42,6,6,26,0,12,26,54,59,30,39,55,7,10,42,31,16,33,31,34,21,20,15,6,48,23,23,47,47,8,9,38,16,11, 
19,21,19,43,30,19,57,29,11,22,49,16,33,54,33,45,29,50,57,36,42,45,12,5,57,46,21,24,5,30,12,0,49,40,9,8,6,42,13,26,53,58,35,31,34,14,54,24,53,50,10,23,57,20,34,18,58,7,51,11, 
24,23,46,53,24,55,20,29,45,23,18,39,18,24,53,34,23,17,21,30,58,39,16,45,59,20,14,9,42,44,26,49,0,25,53,26,42,33,35,7,56,49,59,59,52,8,26,15,6,29,33,24,56,47,59,50,38,9,51,16, 
38,13,18,41,59,20,51,38,42,13,40,35,46,17,23,10,10,37,24,40,38,27,35,38,9,25,18,11,55,37,54,40,25,0,11,37,41,52,24,40,30,9,52,12,38,12,40,25,8,17,25,46,13,56,42,10,16,33,39,50, 
32,16,16,16,24,45,35,31,44,56,33,15,38,16,30,21,59,16,59,51,38,48,49,48,40,19,38,52,58,56,59,9,53,11,0,23,41,59,8,25,20,37,22,9,28,41,14,5,41,51,54,33,26,13,16,42,53,55,16,9, 
28,31,32,9,31,48,26,37,6,34,40,20,14,7,42,13,40,47,34,46,41,47,51,59,33,37,10,47,17,11,30,8,26,37,23,0,48,37,49,21,37,58,55,44,27,34,40,40,8,57,38,6,52,25,8,30,47,10,20,17, 
32,34,34,16,45,56,50,57,42,40,5,30,13,55,49,27,5,19,49,12,21,22,57,53,25,26,32,27,46,56,39,6,42,41,41,48,0,48,34,24,57,26,50,56,8,52,14,52,39,31,11,43,29,55,41,20,6,7,59,19, 
23,33,26,47,9,57,41,49,38,7,49,18,44,28,5,34,55,57,21,55,35,32,30,47,17,20,54,34,40,17,55,42,33,52,59,37,48,0,5,37,55,20,13,54,59,40,27,11,55,45,35,40,51,20,38,30,9,40,27,26, 
31,51,28,6,55,33,35,48,22,26,42,31,35,8,27,36,39,48,36,50,28,11,37,57,29,8,45,32,23,51,7,13,35,24,8,49,34,5,0,51,37,15,33,32,52,33,10,24,51,12,21,26,51,47,43,55,12,36,31,28, 
52,56,18,47,11,51,51,28,35,36,43,54,46,59,15,17,35,51,7,17,41,48,13,34,40,51,40,15,39,12,10,26,7,40,25,21,24,37,51,0,38,6,25,44,11,59,26,8,42,57,54,16,52,55,35,7,16,37,37,13, 
51,46,27,54,35,18,34,30,47,28,26,55,9,58,8,7,7,29,35,43,54,20,34,7,14,27,44,57,5,32,42,53,56,30,20,37,57,55,37,38,0,35,28,16,28,19,32,12,36,11,17,13,30,42,29,54,6,43,35,6, 
59,35,9,23,42,59,26,11,53,59,21,17,37,35,18,59,23,16,35,32,38,34,33,33,50,44,47,18,40,57,31,58,49,9,37,58,26,20,15,6,35,0,25,36,19,20,33,53,43,34,35,36,56,28,23,32,46,37,11,13, 
57,59,23,10,25,34,15,57,47,50,40,15,19,43,15,54,21,18,47,17,45,57,58,44,25,59,21,10,42,19,16,35,59,52,22,55,50,13,33,25,28,25,0,52,25,56,19,20,56,56,9,19,30,21,53,56,27,38,56,26, 
59,36,54,9,7,43,38,48,27,54,19,40,21,18,33,31,53,28,25,56,28,56,42,21,37,12,50,27,49,12,33,31,59,12,9,44,56,54,32,44,16,36,52,0,58,16,12,47,34,34,43,33,27,28,5,36,28,17,50,49, 
51,46,50,56,34,30,21,47,5,32,17,34,49,30,24,25,33,30,16,9,7,12,50,12,48,18,45,12,10,19,31,34,52,38,28,27,8,59,52,11,28,19,25,58,0,30,39,37,11,49,33,50,31,15,31,32,9,57,10,19, 
34,34,57,48,54,6,16,42,21,38,43,21,6,19,6,25,47,19,36,42,17,28,18,41,5,30,55,31,17,37,34,14,8,12,41,34,52,40,33,59,19,20,56,16,30,0,39,50,58,10,11,11,59,23,40,10,24,26,57,15, 
49,15,30,53,45,27,59,11,27,56,27,16,42,38,19,55,7,9,10,53,55,45,7,59,57,8,12,18,19,38,21,54,26,40,14,40,14,27,10,26,32,33,19,12,39,39,0,58,15,14,47,47,57,30,9,34,18,19,28,28, 
48,26,51,30,53,49,40,50,26,52,6,6,38,44,37,52,24,25,54,21,41,57,19,19,59,10,57,20,36,20,20,24,15,25,5,40,52,11,24,8,12,53,20,47,37,50,58,0,46,9,12,20,5,47,12,9,55,23,28,12, 
57,10,53,15,13,50,25,54,9,47,54,45,41,16,8,35,51,34,25,56,56,25,6,41,19,33,29,36,23,30,15,53,6,8,41,8,39,55,51,42,36,43,56,34,11,58,15,46,0,5,18,14,26,26,13,8,15,40,20,56, 
10,25,17,12,42,43,33,12,9,33,49,35,6,29,58,20,51,51,26,11,6,28,52,22,41,41,52,33,31,52,6,50,29,17,51,57,31,45,12,57,11,34,56,34,49,10,14,9,5,0,51,59,40,31,57,43,14,37,28,37, 
12,39,13,51,24,57,28,23,51,53,38,18,40,14,26,23,47,24,24,16,41,6,41,13,55,13,34,54,19,7,48,10,33,25,54,38,11,35,21,54,17,35,9,43,33,11,47,12,18,51,0,5,38,53,23,24,44,55,26,40, 
31,9,42,31,45,55,46,57,49,10,59,17,10,28,12,14,21,34,8,52,9,28,18,18,5,22,26,49,28,51,23,23,24,46,33,6,43,40,26,16,13,36,19,33,50,11,47,20,14,59,5,0,29,21,14,49,14,37,53,24, 
37,47,39,46,41,7,51,59,35,19,17,28,56,45,19,11,12,39,21,37,58,32,54,22,41,20,27,21,59,56,23,57,56,13,26,52,29,51,51,52,30,56,30,27,31,59,57,5,26,40,38,29,0,20,24,5,13,5,54,19, 
57,31,26,44,35,5,44,28,38,57,25,19,55,23,15,54,56,42,54,17,55,44,53,53,58,41,7,43,49,5,47,20,47,56,13,25,55,20,47,55,42,28,21,28,15,23,30,47,26,31,53,21,20,0,54,31,44,59,52,8, 
52,36,16,30,17,37,48,15,51,38,59,14,45,38,46,45,23,46,9,59,36,21,31,7,6,23,30,20,43,36,47,34,59,42,16,8,41,38,43,35,29,23,53,5,31,40,9,12,13,57,23,14,24,54,0,38,21,51,59,20, 
37,47,25,48,40,11,21,20,5,49,35,50,19,25,37,37,47,45,20,13,7,45,57,10,24,51,22,19,31,38,8,18,50,10,42,30,20,30,55,7,54,32,56,36,32,10,34,9,8,43,24,49,5,31,38,0,19,55,18,34, 
13,8,47,50,19,59,12,13,12,29,26,33,55,11,27,53,14,12,11,36,16,25,25,51,12,32,18,25,9,41,9,58,38,16,53,47,6,9,12,16,6,46,27,28,9,24,18,55,15,14,44,14,13,44,21,19,0,19,50,32, 
40,50,51,38,6,28,34,47,48,16,10,57,16,47,29,48,46,12,14,51,23,35,9,26,6,42,56,43,5,14,38,7,9,33,55,10,7,40,36,37,43,37,38,17,57,26,19,23,40,37,55,37,5,59,51,55,19,0,51,22, 
53,47,10,28,25,21,18,47,56,22,34,44,10,15,36,31,19,57,11,15,41,28,43,23,37,22,13,50,47,37,16,51,51,39,16,20,59,27,31,37,35,11,56,50,10,57,28,28,20,28,26,53,54,52,59,18,50,51,0,32, 
44,17,52,43,20,15,49,17,57,53,56,52,44,10,42,27,36,18,33,59,44,19,46,32,44,39,38,6,49,36,11,11,16,50,9,17,19,26,28,13,6,13,26,49,19,15,28,12,56,37,40,24,19,8,20,34,32,22,32,0, 
jobs,40 
0,37,5,1859,1916,2,1960,1,1991,0,2010,0,
1,20,37,1076,1111,9,1138,4,1184,2,1229,1,
2,4,16,409,467,61,525,30,567,15,620,7,
3,3,23,115,122,87,142,43,171,21,211,10,
4,18,8,2513,2569,58,2609,29,2651,14,2689,7,
5,41,10,1763,1784,55,1799,27,1845,13,1894,6,
6,41,14,2735,2753,5,2769,2,2785,1,2798,0,
7,16,11,2460,2486,76,2531,38,2585,19,2626,9,
8,50,19,1557,1573,82,1622,41,1668,20,1690,10,
9,45,47,1199,1249,85,1297,42,1342,21,1380,10,
10,40,26,760,804,86,857,43,896,21,911,10,
11,32,55,490,540,45,566,22,608,11,660,5,
12,21,22,585,634,8,661,4,691,2,727,1,
13,9,53,1342,1399,69,1455,34,1466,17,1491,8,
14,11,20,660,706,97,730,48,767,24,824,12,
15,14,5,1672,1693,98,1738,49,1789,24,1805,12,
16,57,54,1944,1995,88,2020,44,2069,22,2100,11,
17,47,15,1122,1174,74,1195,37,1244,18,1281,9,
18,8,10,2323,2360,7,2379,3,2414,1,2462,0,
19,44,13,1801,1831,93,1872,46,1885,23,1910,11,
20,38,59,253,281,8,304,4,355,2,409,1,
21,9,1,2169,2210,0,2244,0,2271,0,2309,0,
22,14,41,2041,2059,76,2082,38,2115,19,2133,9,
23,51,40,361,374,51,419,25,441,12,456,6,
24,8,10,2112,2149,24,2198,12,2256,6,2303,3,
25,43,44,143,201,4,229,2,280,1,293,0,
26,39,43,844,888,32,935,16,985,8,1033,4,
27,1,39,1601,1657,63,1682,31,1721,15,1748,7,
28,12,27,1454,1503,73,1555,36,1574,18,1600,9,
29,18,45,314,350,60,364,30,389,15,443,7,
30,57,22,1721,1730,6,1776,3,1786,1,1797,0,
31,34,29,2226,2282,11,2324,5,2337,2,2379,1,
32,17,20,1274,1329,79,1346,39,1382,19,1404,9,
33,57,22,1055,1064,33,1105,16,1149,8,1205,4,
34,32,4,2378,2402,87,2426,43,2462,21,2474,10,
35,28,58,40,87,44,97,22,119,11,159,5,
36,22,48,2782,2788,9,2834,4,2877,2,2895,1,
37,39,56,932,948,71,996,35,1037,17,1055,8,
38,51,2,962,1004,90,1033,45,1073,22,1116,11,
39,58,52,2625,2679,7,2711,3,2761,1,2814,0,
