times,30
0,21,41,8,33,24,24,25,39,7,7,50,42,15,11,7,14,22,14,34,26,38,8,32,22,19,35,37,34,18, 
21,0,32,36,45,34,25,9,59,38,18,56,18,10,28,29,18,16,57,15,36,45,46,21,9,21,18,24,18,25, 
41,32,0,39,13,18,56,23,29,42,26,58,13,53,17,29,32,18,10,31,42,59,32,21,42,37,32,6,34,17, 
8,36,39,0,37,14,34,52,44,16,50,50,18,39,54,15,15,43,14,7,43,10,53,40,18,27,15,33,53,48, 
33,45,13,37,0,55,50,51,44,34,15,53,36,8,58,41,19,58,24,5,35,20,22,35,12,57,51,22,22,57, 
24,34,18,14,55,0,45,54,38,46,36,15,13,12,45,48,44,56,34,50,18,24,30,20,20,59,54,30,32,47, 
24,25,56,34,50,45,0,6,59,33,21,58,38,50,13,13,51,23,11,49,29,28,59,49,16,47,6,35,35,23, 
25,9,23,52,51,54,6,0,12,15,16,41,19,38,41,17,45,12,49,17,22,51,48,37,39,27,34,51,44,21, 
39,59,29,44,44,38,59,12,0,47,25,58,36,10,9,12,25,6,8,22,10,36,38,44,36,24,5,13,7,6, 
7,38,42,16,34,46,33,15,47,0,6,10,38,32,47,58,44,7,36,49,48,11,37,7,57,50,56,7,34,8, 
7,18,26,50,15,36,21,16,25,6,0,24,45,11,34,59,33,35,37,22,13,52,29,50,5,37,46,16,42,58, 
50,56,58,50,53,15,58,41,58,10,24,0,55,22,54,24,48,40,55,51,12,59,23,41,56,25,15,47,41,43, 
42,18,13,18,36,13,38,19,36,38,45,55,0,32,54,15,17,32,30,55,28,21,26,43,11,49,31,29,36,6, 
15,10,53,39,8,12,50,38,10,32,11,22,32,0,25,47,56,38,46,26,42,25,5,17,9,46,46,45,43,45, 
11,28,17,54,58,45,13,41,9,47,34,54,54,25,0,59,32,42,14,32,13,29,44,54,48,51,45,28,33,8, 
7,29,29,15,41,48,13,17,12,58,59,24,15,47,59,0,57,58,21,16,47,11,48,15,24,19,46,59,7,51, 
14,18,32,15,19,44,51,45,25,44,33,48,17,56,32,57,0,19,5,26,22,38,33,56,30,42,11,57,42,38, 
22,16,18,43,58,56,23,12,6,7,35,40,32,38,42,58,19,0,17,22,6,44,11,8,35,30,48,12,40,15, 
14,57,10,14,24,34,11,49,8,36,37,55,30,46,14,21,5,17,0,40,17,8,49,57,57,48,47,52,44,44, 
34,15,31,7,5,50,49,17,22,49,22,51,55,26,32,16,26,22,40,0,20,12,22,58,44,23,55,25,10,27, 
26,36,42,43,35,18,29,22,10,48,13,12,28,42,13,47,22,6,17,20,0,9,11,45,51,6,23,23,55,43, 
38,45,59,10,20,24,28,51,36,11,52,59,21,25,29,11,38,44,8,12,9,0,43,6,59,42,7,26,45,20, 
8,46,32,53,22,30,59,48,38,37,29,23,26,5,44,48,33,11,49,22,11,43,0,6,18,19,9,58,33,51, 
32,21,21,40,35,20,49,37,44,7,50,41,43,17,54,15,56,8,57,58,45,6,6,0,56,37,30,46,28,10, 
22,9,42,18,12,20,16,39,36,57,5,56,11,9,48,24,30,35,57,44,51,59,18,56,0,14,5,40,22,24, 
19,21,37,27,57,59,47,27,24,50,37,25,49,46,51,19,42,30,48,23,6,42,19,37,14,0,51,48,48,19, 
35,18,32,15,51,54,6,34,5,56,46,15,31,46,45,46,11,48,47,55,23,7,9,30,5,51,0,11,52,16, 
37,24,6,33,22,30,35,51,13,7,16,47,29,45,28,59,57,12,52,25,23,26,58,46,40,48,11,0,28,51, 
34,18,34,53,22,32,35,44,7,34,42,41,36,43,33,7,42,40,44,10,55,45,33,28,22,48,52,28,0,48, 
18,25,17,48,57,47,23,21,6,8,58,43,6,45,8,51,38,15,44,27,43,20,51,10,24,19,16,51,48,0, 
jobs,20 
0,15,13,378,425,11,448,5,466,2,506,1,
1,6,9,287,320,43,337,21,358,10,371,5,
2,15,11,7,31,38,82,19,125,9,174,4,
3,1,5,850,884,72,905,36,935,18,949,9,
4,1,24,500,509,96,556,48,583,24,604,12,
5,13,27,896,941,4,985,2,1021,1,1034,0,
6,8,19,954,976,51,987,25,1033,12,1043,6,
7,29,14,266,274,71,310,35,324,17,362,8,
8,26,16,471,482,19,525,9,543,4,597,2,
9,12,8,520,556,11,603,5,616,2,636,1,
10,7,14,781,822,46,864,23,895,11,913,5,
11,21,5,195,219,69,252,34,311,17,345,8,
12,2,18,177,187,89,205,44,244,22,266,11,
13,17,10,1242,1277,33,1310,16,1337,8,1370,4,
14,23,6,72,121,3,144,1,166,0,186,0,
15,3,23,1035,1075,12,1121,6,1131,3,1169,1,
16,4,12,981,1017,15,1057,7,1088,3,1121,1,
17,10,15,1125,1184,12,1205,6,1217,3,1262,1,
18,21,25,592,634,61,691,30,749,15,801,7,
19,13,16,680,736,72,753,36,802,18,821,9,
